*-----------------------------------------------*
|    7    0    1|    0    0    2|    0    9    8|
|    0    3    2|    8    9    6|    0    1    7|
|    8    0    9|    4    7    1|    2    0    0|
|---------------+---------------+---------------|
|    1    8    0|    7    2    9|    3    0    6|
|    9    7    0|    0    0    0|    1    8    2|
|    2    0    0|    1    8    0|    9    7    0|
|---------------+---------------+---------------|
|    3    2    7|    9    0    0|    8    0    0|
|    0    1    8|    2    0    7|    0    0    9|
|    0    9    0|    0    0    8|    7    2    0|
*-----------------------------------------------*
